"hierarchy_level","hierarchy_name","navaid_count_bucket","total_records","delayed_rate","cancelled_rate","ontime_rate","combined_disruption_rate"
"Airport","Böblingen Flugfeld","0","36","0.2778","0.3611","0.3611","0.6389"
"Airport","Las Flores Airport","0","25","0.3200","0.2000","0.4800","0.5200"
"Airport","Las Flores Airport","1","9","0.2222","0.5556","0.2222","0.7778"
"Airport","Maliana Airport","0","32","0.2500","0.3750","0.3750","0.6250"
"Airport","Monte Carmelo Airport","0","873","0.3471","0.3242","0.3288","0.6712"
"Airport","O.R. Tambo International Airport","2-3","37","0.2973","0.1892","0.5135","0.4865"
"Airport","Queenstown Airport","0","25","0.4000","0.2000","0.4000","0.6000"
"Airport","Queenstown Airport","1","9","0.1111","0.2222","0.6667","0.3333"
"Airport","San Fernando Airport","0","16","0.4375","0.3125","0.2500","0.7500"
"Airport","San Fernando Airport","1","15","0.1333","0.4000","0.4667","0.5333"
"Airport","San Pedro Airport","0","20","0.3500","0.3000","0.3500","0.6500"
"Airport","San Pedro Airport","2-3","13","0.4615","0.0769","0.4615","0.5385"
"Airport","Santa Ana Airport","0","35","0.4000","0.1714","0.4286","0.5714"
"Airport","Santa Maria Airport","0","14","0.5000","0.1429","0.3571","0.6429"
"Airport","Santa Maria Airport","2-3","16","0.3750","0.5000","0.1250","0.8750"
"Continent","Africa","0","6468","0.3324","0.3313","0.3363","0.6637"
"Continent","Africa","1","2523","0.3377","0.3234","0.3389","0.6611"
"Continent","Africa","2-3","2003","0.3175","0.3475","0.3350","0.6650"
"Continent","Africa","4+","130","0.3538","0.3077","0.3385","0.6615"
"Continent","Asia","0","8732","0.3367","0.3347","0.3286","0.6714"
"Continent","Asia","1","4254","0.3216","0.3272","0.3512","0.6488"
"Continent","Asia","2-3","4590","0.3288","0.3399","0.3314","0.6686"
"Continent","Asia","4+","311","0.3055","0.3376","0.3569","0.6431"
"Continent","Europe","0","5940","0.3285","0.3348","0.3367","0.6633"
"Continent","Europe","1","2750","0.3462","0.3302","0.3236","0.6764"
"Continent","Europe","2-3","3340","0.3638","0.3138","0.3225","0.6775"
"Continent","Europe","4+","781","0.3060","0.3803","0.3137","0.6863"
"Continent","North America","0","19933","0.3362","0.3281","0.3357","0.6643"
"Continent","North America","1","6753","0.3271","0.3473","0.3256","0.6744"
"Continent","North America","2-3","5257","0.3278","0.3395","0.3327","0.6673"
"Continent","North America","4+","244","0.3811","0.3320","0.2869","0.7131"
"Continent","Oceania","0","10306","0.3389","0.3298","0.3313","0.6687"
"Continent","Oceania","1","2485","0.3159","0.3429","0.3412","0.6588"
"Continent","Oceania","2-3","956","0.3326","0.3431","0.3243","0.6757"
"Continent","Oceania","4+","126","0.3175","0.3492","0.3333","0.6667"
"Continent","South America","0","6275","0.3264","0.3393","0.3343","0.6657"
"Continent","South America","1","2528","0.3279","0.3374","0.3347","0.6653"
"Continent","South America","2-3","1788","0.3328","0.3473","0.3199","0.6801"
"Continent","South America","4+","146","0.2945","0.3288","0.3767","0.6233"
"Country","Australia","0","4177","0.3428","0.3277","0.3294","0.6706"
"Country","Australia","1","1565","0.3201","0.3412","0.3387","0.6613"
"Country","Australia","2-3","587","0.3339","0.3663","0.2998","0.7002"
"Country","Australia","4+","45","0.3111","0.3556","0.3333","0.6667"
"Country","Brazil","0","3130","0.3300","0.3403","0.3297","0.6703"
"Country","Brazil","1","713","0.3268","0.3352","0.3380","0.6620"
"Country","Brazil","2-3","612","0.3203","0.3578","0.3219","0.6781"
"Country","Brazil","4+","76","0.2763","0.3553","0.3684","0.6316"
"Country","Canada","0","2187","0.3439","0.3301","0.3260","0.6740"
"Country","Canada","1","1956","0.3262","0.3533","0.3206","0.6794"
"Country","Canada","2-3","1119","0.3226","0.3646","0.3128","0.6872"
"Country","Canada","4+","161","0.3602","0.3292","0.3106","0.6894"
"Country","China","0","2328","0.3411","0.3277","0.3312","0.6688"
"Country","China","1","136","0.3162","0.3235","0.3603","0.6397"
"Country","China","2-3","323","0.3715","0.3375","0.2910","0.7090"
"Country","China","4+","78","0.2692","0.3590","0.3718","0.6282"
"Country","Colombia","0","1035","0.3024","0.3401","0.3575","0.6425"
"Country","Colombia","1","392","0.3291","0.3393","0.3316","0.6684"
"Country","Colombia","2-3","200","0.3450","0.3200","0.3350","0.6650"
"Country","Colombia","4+","21","0.2857","0.3810","0.3333","0.6667"
"Country","India","0","548","0.3212","0.3485","0.3303","0.6697"
"Country","India","1","480","0.3083","0.3229","0.3688","0.6313"
"Country","India","2-3","473","0.3277","0.3340","0.3383","0.6617"
"Country","India","4+","18","0.2778","0.3889","0.3333","0.6667"
"Country","Indonesia","0","1140","0.3158","0.3605","0.3237","0.6763"
"Country","Indonesia","1","710","0.2972","0.3451","0.3577","0.6423"
"Country","Indonesia","2-3","467","0.3533","0.2976","0.3490","0.6510"
"Country","Indonesia","4+","10","0.3000","0.4000","0.3000","0.7000"
"Country","Papua New Guinea","0","3846","0.3365","0.3258","0.3378","0.6622"
"Country","Papua New Guinea","1","161","0.3168","0.3789","0.3043","0.6957"
"Country","Papua New Guinea","2-3","66","0.3788","0.2879","0.3333","0.6667"
"Country","Papua New Guinea","4+","8","0.2500","0.3750","0.3750","0.6250"
"Country","Russia","0","1573","0.3172","0.3344","0.3484","0.6516"
"Country","Russia","1","86","0.2674","0.3721","0.3605","0.6395"
"Country","Russia","2-3","506","0.3538","0.3241","0.3221","0.6779"
"Country","Russia","4+","124","0.2823","0.4113","0.3065","0.6935"
"Country","United States","0","14945","0.3357","0.3249","0.3394","0.6606"
"Country","United States","1","3410","0.3267","0.3466","0.3267","0.6733"
"Country","United States","2-3","3491","0.3300","0.3317","0.3383","0.6617"
"Country","United States","4+","59","0.3729","0.3390","0.2881","0.7119"
"Region","(unassigned)","0","560","0.3375","0.3464","0.3161","0.6839"
"Region","(unassigned)","1","430","0.3000","0.3558","0.3442","0.6558"
"Region","(unassigned)","2-3","230","0.3522","0.3304","0.3174","0.6826"
"Region","(unassigned)","4+","14","0.2143","0.3571","0.4286","0.5714"
"Region","Alaska","0","2645","0.3369","0.3263","0.3369","0.6631"
"Region","Alaska","1","545","0.3468","0.3578","0.2954","0.7046"
"Region","Alaska","2-3","278","0.3273","0.3273","0.3453","0.6547"
"Region","Alaska","4+","10","0.3000","0.4000","0.3000","0.7000"
"Region","British Columbia","0","697","0.3486","0.3199","0.3314","0.6686"
"Region","British Columbia","1","167","0.3293","0.3832","0.2874","0.7126"
"Region","British Columbia","2-3","164","0.3171","0.3598","0.3232","0.6768"
"Region","British Columbia","4+","12","0.3333","0.3333","0.3333","0.6667"
"Region","California","0","1088","0.3042","0.3474","0.3483","0.6517"
"Region","California","1","218","0.3257","0.3624","0.3119","0.6881"
"Region","California","2-3","194","0.3660","0.2784","0.3557","0.6443"
"Region","Florida","0","543","0.3646","0.2855","0.3499","0.6501"
"Region","Florida","1","196","0.3418","0.3061","0.3520","0.6480"
"Region","Florida","2-3","155","0.3226","0.3677","0.3097","0.6903"
"Region","Northern Territory","0","772","0.3368","0.3368","0.3264","0.6736"
"Region","Northern Territory","1","97","0.3196","0.3299","0.3505","0.6495"
"Region","Northern Territory","2-3","28","0.2857","0.3929","0.3214","0.6786"
"Region","Northern Territory","4+","21","0.2857","0.4762","0.2381","0.7619"
"Region","Ontario","0","415","0.3398","0.3349","0.3253","0.6747"
"Region","Ontario","1","353","0.3314","0.3598","0.3088","0.6912"
"Region","Ontario","2-3","186","0.3548","0.3548","0.2903","0.7097"
"Region","Ontario","4+","27","0.3704","0.2963","0.3333","0.6667"
"Region","Queensland","0","1625","0.3440","0.3212","0.3348","0.6652"
"Region","Queensland","1","430","0.3116","0.3837","0.3047","0.6953"
"Region","Queensland","2-3","172","0.3314","0.3837","0.2849","0.7151"
"Region","Texas","0","771","0.3320","0.2996","0.3684","0.6316"
"Region","Texas","1","270","0.2889","0.3296","0.3815","0.6185"
"Region","Texas","2-3","203","0.3054","0.3350","0.3596","0.6404"
"Region","Western Australia","0","911","0.3392","0.3216","0.3392","0.6608"
"Region","Western Australia","1","253","0.3241","0.3004","0.3755","0.6245"
"Region","Western Australia","2-3","112","0.3393","0.3929","0.2679","0.7321"
"Region","Western Australia","4+","13","0.3846","0.1538","0.4615","0.5385"
